===  ===  ===  ===  ===  ===  ===  ===  ===  ===  ===  ===  ===  ===  ===  ===  
src3/2025-05-05-answerdotai/ModernBERT-base-1e-05-data
-----------------------------------------------------------------------------
500       |0         |1.09      |0.382     |5         |18        |cosine    |
500       |1         |1.17      |0.370     |5         |3         |l1        |
500       |2         |1.56      |0.481     |7         |5         |l1        |
500       |3         |1.16      |0.530     |5         |1         |l2        |
500       |4         |1.27      |0.483     |6         |17        |cosine    |
500       |5         |1.21      |0.501     |5         |14        |l1        |
-----------------------------------------------------------------------------
-----------------------------------------------------------------------------
1000      |0         |2.49      |0.407     |6         |3         |l1        |
1000      |1         |1.92      |0.415     |5         |1         |cosine    |
1000      |2         |3.51      |0.490     |9         |7         |l1        |
1000      |3         |2.79      |0.505     |6         |18        |l1        |
1000      |4         |2.47      |0.515     |6         |8         |l1        |
1000      |5         |2.36      |0.499     |7         |17        |cosine    |
-----------------------------------------------------------------------------
-----------------------------------------------------------------------------
1500      |0         |3.24      |0.403     |5         |9         |l1        |
1500      |1         |4.62      |0.403     |7         |8         |l2        |
1500      |2         |2.92      |0.542     |5         |11        |cosine    |
1500      |3         |3.90      |0.545     |6         |7         |l2        |
1500      |4         |3.02      |0.520     |5         |17        |cosine    |
1500      |5         |3.84      |0.470     |6         |19        |l2        |
-----------------------------------------------------------------------------
===  ===  ===  ===  ===  ===  ===  ===  ===  ===  ===  ===  ===  ===  ===  ===  
src3/2025-05-05-answerdotai/ModernBERT-base-1e-05-data
-----------------------------------------------------------------------------
500       |0         |1.33      |0.469     |5         |11        |l1        |
500       |1         |1.03      |0.388     |5         |3         |cosine    |
500       |2         |1.36      |0.583     |6         |7         |l1        |
500       |3         |1.34      |0.489     |6         |19        |cosine    |
500       |4         |2.03      |0.498     |9         |8         |l2        |
500       |5         |1.11      |0.503     |5         |17        |cosine    |
-----------------------------------------------------------------------------
-----------------------------------------------------------------------------
1000      |0         |2.32      |0.442     |5         |17        |l1        |
1000      |1         |2.06      |0.367     |5         |4         |cosine    |
1000      |2         |2.75      |0.465     |6         |19        |l2        |
1000      |3         |2.48      |0.518     |5         |7         |l1        |
1000      |4         |3.29      |0.519     |7         |16        |l1        |
1000      |5         |2.61      |0.587     |6         |14        |l1        |
-----------------------------------------------------------------------------
-----------------------------------------------------------------------------
1500      |0         |3.06      |0.430     |5         |4         |cosine    |
1500      |1         |4.96      |0.463     |8         |1         |l1        |
1500      |2         |4.39      |0.466     |7         |5         |l1        |
1500      |3         |7.29      |0.498     |14        |12        |cosine    |
1500      |4         |3.00      |0.560     |5         |16        |l1        |
1500      |5         |2.79      |0.540     |6         |17        |cosine    |
-----------------------------------------------------------------------------
===  ===  ===  ===  ===  ===  ===  ===  ===  ===  ===  ===  ===  ===  ===  ===  
src3/2025-05-05-answerdotai/ModernBERT-base-1e-05-data
-----------------------------------------------------------------------------
500       |0         |1.57      |0.451     |7         |1         |l2        |
500       |1         |1.31      |0.404     |6         |1         |l2        |
500       |2         |1.63      |0.509     |7         |14        |l2        |
500       |3         |1.27      |0.487     |5         |13        |l1        |
500       |4         |1.25      |0.544     |5         |11        |l1        |
500       |5         |1.65      |0.494     |7         |11        |l1        |
-----------------------------------------------------------------------------
-----------------------------------------------------------------------------
1000      |0         |2.60      |0.436     |6         |4         |l1        |
1000      |1         |2.42      |0.415     |7         |3         |cosine    |
1000      |2         |2.09      |0.480     |5         |11        |l1        |
1000      |3         |2.58      |0.536     |6         |14        |l1        |
1000      |4         |3.00      |0.542     |7         |11        |l2        |
1000      |5         |2.38      |0.469     |6         |19        |cosine    |
-----------------------------------------------------------------------------
-----------------------------------------------------------------------------
1500      |0         |3.46      |0.406     |6         |18        |cosine    |
1500      |1         |3.71      |0.461     |5         |1         |l2        |
1500      |2         |3.27      |0.523     |5         |19        |l2        |
1500      |3         |3.85      |0.505     |6         |9         |l2        |
1500      |4         |3.44      |0.512     |6         |18        |cosine    |
1500      |5         |2.70      |0.570     |5         |15        |cosine    |
-----------------------------------------------------------------------------
===  ===  ===  ===  ===  ===  ===  ===  ===  ===  ===  ===  ===  ===  ===  ===  
src3/2025-05-05-answerdotai/ModernBERT-base-2e-05-data
-----------------------------------------------------------------------------
500       |0         |1.49      |0.352     |6         |1         |l1        |
500       |1         |1.38      |0.394     |6         |15        |l1        |
500       |2         |1.23      |0.527     |5         |16        |l2        |
500       |3         |1.87      |0.475     |8         |6         |l1        |
500       |4         |1.18      |0.564     |5         |10        |l2        |
500       |5         |1.23      |0.501     |5         |12        |l2        |
-----------------------------------------------------------------------------
-----------------------------------------------------------------------------
1000      |0         |1.94      |0.472     |5         |10        |cosine    |
1000      |1         |2.37      |0.432     |5         |19        |l2        |
1000      |2         |2.32      |0.414     |6         |14        |cosine    |
1000      |3         |1.78      |0.565     |5         |17        |cosine    |
1000      |4         |2.16      |0.512     |6         |18        |cosine    |
1000      |5         |4.27      |0.515     |11        |12        |l2        |
-----------------------------------------------------------------------------
-----------------------------------------------------------------------------
1500      |0         |2.55      |0.440     |5         |3         |cosine    |
1500      |1         |3.80      |0.505     |6         |5         |l2        |
1500      |2         |3.74      |0.452     |6         |6         |l1        |
1500      |3         |2.80      |0.506     |5         |10        |l2        |
1500      |4         |2.82      |0.507     |5         |11        |cosine    |
1500      |5         |4.04      |0.486     |6         |19        |l1        |
-----------------------------------------------------------------------------
===  ===  ===  ===  ===  ===  ===  ===  ===  ===  ===  ===  ===  ===  ===  ===  
src3/2025-05-05-answerdotai/ModernBERT-base-2e-05-data
-----------------------------------------------------------------------------
500       |0         |1.18      |0.424     |5         |16        |cosine    |
500       |1         |1.03      |0.414     |5         |5         |l2        |
500       |2         |1.53      |0.488     |7         |19        |cosine    |
500       |3         |1.33      |0.501     |6         |19        |cosine    |
500       |4         |1.68      |0.507     |8         |8         |cosine    |
500       |5         |1.33      |0.485     |6         |18        |l2        |
-----------------------------------------------------------------------------
-----------------------------------------------------------------------------
1000      |0         |2.36      |0.428     |5         |13        |l1        |
1000      |1         |2.72      |0.475     |6         |3         |l2        |
1000      |2         |1.90      |0.431     |5         |7         |cosine    |
1000      |3         |1.88      |0.543     |5         |16        |cosine    |
1000      |4         |2.39      |0.518     |5         |11        |l2        |
1000      |5         |2.70      |0.574     |6         |12        |l2        |
-----------------------------------------------------------------------------
-----------------------------------------------------------------------------
1500      |0         |4.02      |0.429     |6         |10        |l2        |
1500      |1         |4.33      |0.444     |8         |17        |cosine    |
1500      |2         |3.30      |0.455     |5         |17        |l1        |
1500      |3         |4.78      |0.453     |8         |17        |l1        |
1500      |4         |3.50      |0.510     |5         |7         |l1        |
1500      |5         |3.28      |0.491     |5         |14        |l2        |
-----------------------------------------------------------------------------
===  ===  ===  ===  ===  ===  ===  ===  ===  ===  ===  ===  ===  ===  ===  ===  
src3/2025-05-05-answerdotai/ModernBERT-base-2e-05-data
-----------------------------------------------------------------------------
500       |0         |1.26      |0.373     |6         |8         |cosine    |
500       |1         |1.20      |0.460     |5         |1         |l2        |
500       |2         |1.13      |0.419     |5         |13        |cosine    |
500       |3         |1.47      |0.456     |6         |7         |l2        |
500       |4         |1.34      |0.531     |6         |8         |l2        |
500       |5         |1.34      |0.479     |6         |6         |l1        |
-----------------------------------------------------------------------------
-----------------------------------------------------------------------------
1000      |0         |3.83      |0.385     |9         |14        |l1        |
1000      |1         |1.94      |0.430     |5         |10        |cosine    |
1000      |2         |2.51      |0.504     |6         |14        |l2        |
1000      |3         |3.80      |0.512     |9         |16        |l1        |
1000      |4         |2.30      |0.454     |6         |7         |cosine    |
1000      |5         |2.41      |0.521     |5         |14        |l1        |
-----------------------------------------------------------------------------
-----------------------------------------------------------------------------
1500      |0         |3.18      |0.459     |7         |18        |cosine    |
1500      |1         |3.29      |0.477     |5         |12        |l2        |
1500      |2         |3.65      |0.543     |6         |5         |l2        |
1500      |3         |3.64      |0.549     |6         |18        |l1        |
1500      |4         |5.11      |0.499     |9         |15        |l2        |
1500      |5         |3.61      |0.446     |6         |6         |cosine    |
-----------------------------------------------------------------------------
===  ===  ===  ===  ===  ===  ===  ===  ===  ===  ===  ===  ===  ===  ===  ===  
src3/2025-05-05-answerdotai/ModernBERT-base-5e-05-data
-----------------------------------------------------------------------------
500       |0         |1.24      |0.457     |6         |7         |cosine    |
500       |1         |1.66      |0.356     |7         |17        |l1        |
500       |2         |1.55      |0.348     |7         |4         |l1        |
500       |3         |1.16      |0.482     |5         |18        |l1        |
500       |4         |2.28      |0.520     |10        |15        |l1        |
500       |5         |1.50      |0.501     |7         |15        |l2        |
-----------------------------------------------------------------------------
-----------------------------------------------------------------------------
1000      |0         |2.61      |0.390     |6         |19        |l2        |
1000      |1         |2.21      |0.406     |5         |18        |cosine    |
1000      |2         |3.15      |0.498     |7         |18        |l2        |
1000      |3         |2.07      |0.467     |5         |7         |l2        |
1000      |4         |2.25      |0.437     |5         |5         |l2        |
1000      |5         |3.79      |0.457     |9         |4         |l1        |
-----------------------------------------------------------------------------
-----------------------------------------------------------------------------
1500      |0         |4.05      |0.422     |6         |17        |l2        |
1500      |1         |3.04      |0.397     |5         |1         |l1        |
1500      |2         |3.82      |0.441     |6         |3         |l1        |
1500      |3         |4.49      |0.466     |8         |18        |l1        |
1500      |4         |4.14      |0.497     |8         |10        |cosine    |
1500      |5         |4.52      |0.512     |8         |13        |cosine    |
-----------------------------------------------------------------------------
===  ===  ===  ===  ===  ===  ===  ===  ===  ===  ===  ===  ===  ===  ===  ===  
src3/2025-05-05-answerdotai/ModernBERT-base-5e-05-data
-----------------------------------------------------------------------------
500       |0         |1.70      |0.469     |7         |7         |l1        |
500       |1         |1.63      |0.417     |7         |18        |l2        |
500       |2         |1.13      |0.383     |5         |3         |cosine    |
500       |3         |1.38      |0.525     |6         |12        |cosine    |
500       |4         |1.50      |0.441     |7         |18        |cosine    |
500       |5         |1.63      |0.482     |7         |16        |l2        |
-----------------------------------------------------------------------------
-----------------------------------------------------------------------------
1000      |0         |2.52      |0.425     |6         |18        |l1        |
1000      |1         |2.26      |0.372     |5         |15        |l1        |
1000      |2         |2.75      |0.382     |6         |18        |l1        |
1000      |3         |2.13      |0.414     |5         |5         |l2        |
1000      |4         |4.35      |0.538     |10        |11        |l1        |
1000      |5         |2.76      |0.536     |6         |11        |cosine    |
-----------------------------------------------------------------------------
-----------------------------------------------------------------------------
1500      |0         |3.42      |0.368     |5         |15        |l1        |
1500      |1         |3.72      |0.406     |7         |9         |cosine    |
1500      |2         |7.17      |0.429     |11        |5         |l1        |
1500      |3         |3.41      |0.499     |5         |6         |l1        |
1500      |4         |3.79      |0.508     |6         |19        |cosine    |
1500      |5         |4.24      |0.504     |6         |16        |l2        |
-----------------------------------------------------------------------------
===  ===  ===  ===  ===  ===  ===  ===  ===  ===  ===  ===  ===  ===  ===  ===  
src3/2025-05-05-answerdotai/ModernBERT-base-5e-05-data
-----------------------------------------------------------------------------
500       |0         |1.27      |0.442     |5         |16        |l2        |
500       |1         |1.37      |0.387     |6         |3         |l1        |
500       |2         |1.27      |0.390     |5         |18        |cosine    |
500       |3         |1.47      |0.451     |6         |12        |l2        |
500       |4         |1.21      |0.428     |6         |13        |cosine    |
500       |5         |1.46      |0.503     |6         |4         |cosine    |
-----------------------------------------------------------------------------
-----------------------------------------------------------------------------
1000      |0         |2.90      |0.410     |6         |5         |l1        |
1000      |1         |2.86      |0.432     |6         |6         |l1        |
1000      |2         |2.86      |0.412     |6         |9         |l2        |
1000      |3         |2.21      |0.436     |5         |19        |l1        |
1000      |4         |2.19      |0.443     |5         |19        |cosine    |
1000      |5         |3.09      |0.511     |7         |7         |l2        |
-----------------------------------------------------------------------------
-----------------------------------------------------------------------------
1500      |0         |3.40      |0.414     |5         |19        |l2        |
1500      |1         |5.86      |0.449     |9         |11        |l2        |
1500      |2         |5.82      |0.425     |9         |17        |l1        |
1500      |3         |4.41      |0.466     |7         |17        |l2        |
1500      |4         |3.14      |0.451     |5         |19        |l2        |
1500      |5         |5.10      |0.500     |8         |7         |l2        |
-----------------------------------------------------------------------------
===  ===  ===  ===  ===  ===  ===  ===  ===  ===  ===  ===  ===  ===  ===  ===  
src3/2025-05-05-answerdotai/ModernBERT-base-5e-06-data
-----------------------------------------------------------------------------
500       |0         |1.45      |0.431     |6         |17        |l2        |
500       |1         |1.42      |0.384     |6         |3         |cosine    |
500       |2         |1.33      |0.541     |6         |1         |cosine    |
500       |3         |1.51      |0.483     |6         |1         |l1        |
500       |4         |1.25      |0.489     |5         |5         |l2        |
500       |5         |1.40      |0.502     |6         |15        |cosine    |
-----------------------------------------------------------------------------
-----------------------------------------------------------------------------
1000      |0         |2.75      |0.448     |7         |15        |cosine    |
1000      |1         |4.41      |0.486     |12        |5         |cosine    |
1000      |2         |2.72      |0.449     |7         |7         |l2        |
1000      |3         |2.94      |0.481     |8         |15        |cosine    |
1000      |4         |2.28      |0.533     |6         |11        |l1        |
1000      |5         |2.34      |0.455     |5         |18        |l1        |
-----------------------------------------------------------------------------
-----------------------------------------------------------------------------
1500      |0         |4.45      |0.493     |7         |6         |l2        |
1500      |1         |3.25      |0.451     |6         |9         |cosine    |
1500      |2         |3.96      |0.501     |7         |10        |l1        |
1500      |3         |3.71      |0.531     |7         |14        |cosine    |
1500      |4         |2.80      |0.529     |5         |13        |cosine    |
1500      |5         |3.57      |0.497     |6         |8         |l1        |
-----------------------------------------------------------------------------
===  ===  ===  ===  ===  ===  ===  ===  ===  ===  ===  ===  ===  ===  ===  ===  
src3/2025-05-05-answerdotai/ModernBERT-base-5e-06-data
-----------------------------------------------------------------------------
500       |0         |1.83      |0.423     |8         |7         |cosine    |
500       |1         |1.69      |0.464     |7         |13        |l1        |
500       |2         |1.35      |0.485     |6         |14        |cosine    |
500       |3         |1.58      |0.516     |7         |16        |cosine    |
500       |4         |1.77      |0.536     |7         |18        |l2        |
500       |5         |1.33      |0.527     |6         |4         |cosine    |
-----------------------------------------------------------------------------
-----------------------------------------------------------------------------
1000      |0         |3.29      |0.475     |7         |14        |l1        |
1000      |1         |2.32      |0.392     |5         |9         |l1        |
1000      |2         |3.05      |0.518     |6         |19        |l1        |
1000      |3         |2.25      |0.528     |5         |15        |l2        |
1000      |4         |2.78      |0.513     |7         |3         |l1        |
1000      |5         |3.96      |0.500     |10        |19        |cosine    |
-----------------------------------------------------------------------------
-----------------------------------------------------------------------------
1500      |0         |3.72      |0.367     |6         |6         |l2        |
1500      |1         |2.82      |0.456     |5         |12        |cosine    |
1500      |2         |3.18      |0.446     |5         |11        |cosine    |
1500      |3         |4.92      |0.521     |8         |9         |l2        |
1500      |4         |3.79      |0.534     |6         |1         |cosine    |
1500      |5         |3.37      |0.549     |5         |1         |l2        |
-----------------------------------------------------------------------------
===  ===  ===  ===  ===  ===  ===  ===  ===  ===  ===  ===  ===  ===  ===  ===  
src3/2025-05-05-answerdotai/ModernBERT-base-5e-06-data
-----------------------------------------------------------------------------
500       |0         |1.33      |0.451     |5         |9         |l1        |
500       |1         |1.35      |0.433     |5         |8         |l1        |
500       |2         |1.27      |0.541     |5         |7         |l1        |
500       |3         |1.28      |0.503     |5         |12        |l1        |
500       |4         |1.20      |0.475     |5         |9         |cosine    |
500       |5         |1.34      |0.541     |5         |17        |l2        |
-----------------------------------------------------------------------------
-----------------------------------------------------------------------------
1000      |0         |2.80      |0.449     |8         |3         |cosine    |
1000      |1         |2.34      |0.422     |5         |5         |cosine    |
1000      |2         |2.38      |0.474     |5         |12        |cosine    |
1000      |3         |2.54      |0.532     |5         |10        |l2        |
1000      |4         |2.49      |0.489     |5         |5         |l2        |
1000      |5         |2.93      |0.537     |6         |15        |l2        |
-----------------------------------------------------------------------------
-----------------------------------------------------------------------------
1500      |0         |4.11      |0.414     |6         |8         |l2        |
1500      |1         |3.68      |0.433     |6         |9         |l1        |
1500      |2         |3.27      |0.568     |5         |14        |l2        |
1500      |3         |3.93      |0.500     |6         |13        |l2        |
1500      |4         |3.53      |0.471     |5         |11        |l1        |
1500      |5         |3.70      |0.483     |5         |12        |l1        |
-----------------------------------------------------------------------------
===  ===  ===  ===  ===  ===  ===  ===  ===  ===  ===  ===  ===  ===  ===  ===  
src3/2025-05-05-FacebookAI/roberta-base-1e-05-data
-----------------------------------------------------------------------------
500       |0         |1.30      |0.554     |5         |19        |l1        |
500       |1         |1.67      |0.584     |7         |10        |l2        |
500       |2         |1.17      |0.565     |5         |17        |cosine    |
500       |3         |1.63      |0.613     |7         |7         |l1        |
500       |4         |1.77      |0.568     |7         |11        |l1        |
500       |5         |1.14      |0.596     |5         |16        |cosine    |
-----------------------------------------------------------------------------
-----------------------------------------------------------------------------
1000      |0         |2.49      |0.480     |5         |17        |l2        |
1000      |1         |2.55      |0.537     |5         |16        |l1        |
1000      |2         |2.88      |0.576     |6         |16        |l1        |
1000      |3         |2.62      |0.587     |6         |17        |l2        |
1000      |4         |2.46      |0.574     |6         |19        |cosine    |
1000      |5         |2.37      |0.565     |5         |17        |l1        |
-----------------------------------------------------------------------------
-----------------------------------------------------------------------------
1500      |0         |4.28      |0.562     |7         |9         |l1        |
1500      |1         |3.35      |0.576     |5         |11        |cosine    |
1500      |2         |2.85      |0.584     |5         |1         |cosine    |
1500      |3         |3.62      |0.617     |5         |9         |l1        |
1500      |4         |4.52      |0.592     |8         |19        |cosine    |
1500      |5         |2.86      |0.628     |5         |19        |cosine    |
-----------------------------------------------------------------------------
===  ===  ===  ===  ===  ===  ===  ===  ===  ===  ===  ===  ===  ===  ===  ===  
src3/2025-05-05-FacebookAI/roberta-base-1e-05-data
-----------------------------------------------------------------------------
500       |0         |1.40      |0.516     |6         |14        |cosine    |
500       |1         |1.34      |0.568     |5         |19        |l2        |
500       |2         |1.29      |0.577     |5         |16        |l1        |
500       |3         |1.19      |0.567     |5         |6         |cosine    |
500       |4         |1.50      |0.569     |6         |8         |l1        |
500       |5         |1.18      |0.600     |5         |17        |cosine    |
-----------------------------------------------------------------------------
-----------------------------------------------------------------------------
1000      |0         |2.75      |0.535     |7         |4         |cosine    |
1000      |1         |2.76      |0.593     |6         |10        |l2        |
1000      |2         |2.36      |0.578     |5         |13        |l1        |
1000      |3         |2.35      |0.603     |6         |11        |cosine    |
1000      |4         |2.55      |0.582     |6         |10        |cosine    |
1000      |5         |2.25      |0.636     |5         |19        |cosine    |
-----------------------------------------------------------------------------
-----------------------------------------------------------------------------
1500      |0         |4.28      |0.522     |6         |15        |l1        |
1500      |1         |3.48      |0.585     |5         |15        |l1        |
1500      |2         |3.20      |0.547     |5         |13        |l2        |
1500      |3         |4.74      |0.649     |7         |16        |l1        |
1500      |4         |2.74      |0.614     |5         |18        |cosine    |
1500      |5         |3.39      |0.598     |6         |14        |cosine    |
-----------------------------------------------------------------------------
===  ===  ===  ===  ===  ===  ===  ===  ===  ===  ===  ===  ===  ===  ===  ===  
src3/2025-05-05-FacebookAI/roberta-base-1e-05-data
-----------------------------------------------------------------------------
500       |0         |1.44      |0.484     |6         |15        |cosine    |
500       |1         |1.92      |0.548     |9         |14        |cosine    |
500       |2         |2.13      |0.621     |9         |15        |l1        |
500       |3         |1.46      |0.545     |6         |14        |l2        |
500       |4         |1.42      |0.599     |6         |19        |l2        |
500       |5         |1.69      |0.595     |7         |8         |cosine    |
-----------------------------------------------------------------------------
-----------------------------------------------------------------------------
1000      |0         |2.64      |0.520     |6         |8         |cosine    |
1000      |1         |3.08      |0.555     |7         |13        |l1        |
1000      |2         |3.44      |0.549     |8         |17        |l2        |
1000      |3         |2.37      |0.578     |5         |11        |l2        |
1000      |4         |3.14      |0.688     |7         |12        |l1        |
1000      |5         |2.35      |0.594     |5         |11        |l1        |
-----------------------------------------------------------------------------
-----------------------------------------------------------------------------
1500      |0         |4.15      |0.543     |8         |8         |cosine    |
1500      |1         |6.00      |0.557     |9         |12        |l2        |
1500      |2         |4.18      |0.601     |7         |14        |cosine    |
1500      |3         |3.92      |0.609     |6         |13        |l1        |
1500      |4         |3.82      |0.611     |6         |12        |cosine    |
1500      |5         |3.18      |0.604     |5         |7         |cosine    |
-----------------------------------------------------------------------------
===  ===  ===  ===  ===  ===  ===  ===  ===  ===  ===  ===  ===  ===  ===  ===  
src3/2025-05-05-FacebookAI/roberta-base-2e-05-data
-----------------------------------------------------------------------------
500       |0         |1.75      |0.506     |7         |10        |l2        |
500       |1         |1.37      |0.505     |6         |7         |cosine    |
500       |2         |1.63      |0.611     |7         |5         |l2        |
500       |3         |1.04      |0.625     |5         |6         |cosine    |
500       |4         |1.62      |0.586     |7         |5         |l1        |
500       |5         |1.58      |0.652     |6         |9         |l1        |
-----------------------------------------------------------------------------
-----------------------------------------------------------------------------
1000      |0         |2.65      |0.504     |6         |3         |l2        |
1000      |1         |2.65      |0.507     |6         |10        |l2        |
1000      |2         |3.53      |0.613     |8         |17        |l2        |
1000      |3         |2.43      |0.630     |5         |10        |l1        |
1000      |4         |2.72      |0.610     |6         |13        |l1        |
1000      |5         |3.22      |0.668     |7         |10        |l1        |
-----------------------------------------------------------------------------
-----------------------------------------------------------------------------
1500      |0         |2.85      |0.538     |5         |19        |cosine    |
1500      |1         |3.75      |0.581     |6         |15        |cosine    |
1500      |2         |3.29      |0.581     |5         |8         |l2        |
1500      |3         |3.34      |0.542     |5         |7         |l2        |
1500      |4         |3.03      |0.638     |5         |11        |cosine    |
1500      |5         |4.00      |0.616     |8         |9         |cosine    |
-----------------------------------------------------------------------------
===  ===  ===  ===  ===  ===  ===  ===  ===  ===  ===  ===  ===  ===  ===  ===  
src3/2025-05-05-FacebookAI/roberta-base-2e-05-data
-----------------------------------------------------------------------------
500       |0         |2.02      |0.536     |9         |19        |l1        |
500       |1         |1.36      |0.530     |6         |10        |l2        |
500       |2         |1.27      |0.507     |5         |8         |l1        |
500       |3         |1.46      |0.550     |6         |7         |l1        |
500       |4         |1.46      |0.632     |7         |11        |cosine    |
500       |5         |2.35      |0.602     |10        |13        |l1        |
-----------------------------------------------------------------------------
-----------------------------------------------------------------------------
1000      |0         |2.23      |0.516     |5         |1         |l2        |
1000      |1         |2.46      |0.556     |6         |19        |l2        |
1000      |2         |2.61      |0.567     |7         |12        |cosine    |
1000      |3         |2.43      |0.593     |6         |18        |cosine    |
1000      |4         |2.61      |0.678     |6         |11        |l1        |
1000      |5         |2.73      |0.573     |6         |18        |l1        |
-----------------------------------------------------------------------------
-----------------------------------------------------------------------------
1500      |0         |3.52      |0.499     |5         |16        |l2        |
1500      |1         |3.66      |0.505     |6         |8         |cosine    |
1500      |2         |3.46      |0.577     |5         |14        |l1        |
1500      |3         |4.21      |0.584     |7         |14        |l1        |
1500      |4         |2.84      |0.552     |5         |15        |l2        |
1500      |5         |5.46      |0.601     |11        |10        |l2        |
-----------------------------------------------------------------------------
===  ===  ===  ===  ===  ===  ===  ===  ===  ===  ===  ===  ===  ===  ===  ===  
src3/2025-05-05-FacebookAI/roberta-base-2e-05-data
-----------------------------------------------------------------------------
500       |0         |1.27      |0.586     |6         |4         |cosine    |
500       |1         |1.34      |0.563     |6         |11        |cosine    |
500       |2         |1.21      |0.566     |5         |11        |l1        |
500       |3         |1.30      |0.580     |6         |15        |cosine    |
500       |4         |1.66      |0.654     |7         |16        |l2        |
500       |5         |1.45      |0.642     |6         |14        |l1        |
-----------------------------------------------------------------------------
-----------------------------------------------------------------------------
1000      |0         |1.92      |0.548     |5         |9         |cosine    |
1000      |1         |2.63      |0.509     |6         |4         |cosine    |
1000      |2         |2.58      |0.668     |6         |14        |cosine    |
1000      |3         |2.75      |0.640     |6         |19        |l1        |
1000      |4         |2.61      |0.618     |6         |13        |l1        |
1000      |5         |2.82      |0.592     |7         |9         |l1        |
-----------------------------------------------------------------------------
-----------------------------------------------------------------------------
1500      |0         |3.78      |0.527     |6         |18        |l2        |
1500      |1         |4.17      |0.557     |7         |6         |cosine    |
1500      |2         |4.71      |0.651     |8         |12        |cosine    |
1500      |3         |4.06      |0.610     |6         |14        |l2        |
1500      |4         |4.97      |0.642     |8         |17        |l1        |
1500      |5         |3.88      |0.606     |6         |18        |l1        |
-----------------------------------------------------------------------------
===  ===  ===  ===  ===  ===  ===  ===  ===  ===  ===  ===  ===  ===  ===  ===  
src3/2025-05-05-FacebookAI/roberta-base-5e-05-data
-----------------------------------------------------------------------------
500       |0         |1.12      |0.475     |5         |16        |l2        |
500       |1         |1.40      |0.539     |6         |10        |l1        |
500       |2         |1.33      |0.586     |6         |10        |cosine    |
500       |3         |1.47      |0.584     |7         |14        |cosine    |
500       |4         |1.42      |0.574     |6         |16        |l1        |
500       |5         |1.21      |0.663     |5         |15        |l1        |
-----------------------------------------------------------------------------
-----------------------------------------------------------------------------
1000      |0         |2.13      |0.470     |5         |3         |l2        |
1000      |1         |1.92      |0.561     |5         |7         |cosine    |
1000      |2         |2.79      |0.604     |6         |10        |l2        |
1000      |3         |2.38      |0.564     |5         |17        |l1        |
1000      |4         |2.76      |0.662     |6         |13        |l1        |
1000      |5         |2.25      |0.550     |6         |7         |l1        |
-----------------------------------------------------------------------------
-----------------------------------------------------------------------------
1500      |0         |5.51      |0.518     |10        |9         |cosine    |
1500      |1         |3.44      |0.486     |5         |17        |l2        |
1500      |2         |4.18      |0.612     |7         |16        |l1        |
1500      |3         |3.34      |0.599     |6         |17        |l1        |
1500      |4         |3.87      |0.628     |7         |19        |cosine    |
1500      |5         |3.30      |0.604     |5         |5         |l2        |
-----------------------------------------------------------------------------
===  ===  ===  ===  ===  ===  ===  ===  ===  ===  ===  ===  ===  ===  ===  ===  
src3/2025-05-05-FacebookAI/roberta-base-5e-05-data
-----------------------------------------------------------------------------
500       |0         |1.19      |0.518     |5         |9         |l1        |
500       |1         |1.31      |0.566     |5         |13        |l2        |
500       |2         |1.36      |0.560     |6         |17        |cosine    |
500       |3         |1.29      |0.586     |6         |14        |cosine    |
500       |4         |1.34      |0.595     |6         |12        |l1        |
500       |5         |1.39      |0.649     |6         |18        |l1        |
-----------------------------------------------------------------------------
-----------------------------------------------------------------------------
1000      |0         |3.11      |0.496     |7         |3         |l2        |
1000      |1         |2.87      |0.560     |7         |18        |cosine    |
1000      |2         |2.78      |0.590     |6         |19        |l1        |
1000      |3         |2.34      |0.580     |5         |11        |l1        |
1000      |4         |4.14      |0.550     |11        |19        |cosine    |
1000      |5         |2.40      |0.556     |6         |13        |cosine    |
-----------------------------------------------------------------------------
-----------------------------------------------------------------------------
1500      |0         |3.54      |0.531     |7         |5         |cosine    |
1500      |1         |3.50      |0.603     |5         |19        |l2        |
1500      |2         |3.44      |0.522     |5         |15        |l1        |
1500      |3         |4.64      |0.644     |7         |15        |l2        |
1500      |4         |3.96      |0.591     |7         |12        |l1        |
1500      |5         |2.75      |0.619     |5         |11        |cosine    |
-----------------------------------------------------------------------------
===  ===  ===  ===  ===  ===  ===  ===  ===  ===  ===  ===  ===  ===  ===  ===  
src3/2025-05-05-FacebookAI/roberta-base-5e-05-data
-----------------------------------------------------------------------------
500       |0         |1.11      |0.593     |5         |14        |cosine    |
500       |1         |1.37      |0.552     |6         |16        |l2        |
500       |2         |1.36      |0.641     |6         |16        |cosine    |
500       |3         |1.17      |0.599     |5         |11        |cosine    |
500       |4         |1.43      |0.602     |6         |14        |l1        |
500       |5         |1.69      |0.615     |8         |16        |cosine    |
-----------------------------------------------------------------------------
-----------------------------------------------------------------------------
1000      |0         |2.36      |0.497     |5         |7         |l2        |
1000      |1         |1.94      |0.564     |5         |18        |cosine    |
1000      |2         |2.38      |0.549     |5         |10        |l2        |
1000      |3         |2.60      |0.594     |7         |9         |l1        |
1000      |4         |2.38      |0.571     |5         |18        |l1        |
1000      |5         |3.04      |0.586     |8         |11        |cosine    |
-----------------------------------------------------------------------------
-----------------------------------------------------------------------------
1500      |0         |3.24      |0.518     |5         |18        |l1        |
1500      |1         |4.19      |0.648     |7         |13        |l1        |
1500      |2         |4.75      |0.643     |9         |14        |cosine    |
1500      |3         |4.99      |0.598     |8         |11        |l2        |
1500      |4         |2.70      |0.592     |5         |16        |cosine    |
1500      |5         |2.85      |0.550     |5         |16        |cosine    |
-----------------------------------------------------------------------------
===  ===  ===  ===  ===  ===  ===  ===  ===  ===  ===  ===  ===  ===  ===  ===  
src3/2025-05-05-FacebookAI/roberta-base-5e-06-data
-----------------------------------------------------------------------------
500       |0         |1.29      |0.475     |6         |19        |cosine    |
500       |1         |1.41      |0.564     |6         |15        |l1        |
500       |2         |1.44      |0.565     |7         |18        |cosine    |
500       |3         |1.37      |0.547     |6         |14        |l2        |
500       |4         |1.49      |0.604     |7         |17        |cosine    |
500       |5         |1.35      |0.595     |6         |11        |l2        |
-----------------------------------------------------------------------------
-----------------------------------------------------------------------------
1000      |0         |2.62      |0.438     |6         |3         |l2        |
1000      |1         |2.12      |0.476     |5         |5         |l2        |
1000      |2         |3.38      |0.526     |8         |15        |l1        |
1000      |3         |2.02      |0.475     |5         |19        |l1        |
1000      |4         |3.42      |0.617     |10        |15        |cosine    |
1000      |5         |2.36      |0.560     |5         |19        |l2        |
-----------------------------------------------------------------------------
-----------------------------------------------------------------------------
1500      |0         |3.27      |0.440     |6         |2         |cosine    |
1500      |1         |3.88      |0.547     |6         |19        |l1        |
1500      |2         |3.25      |0.551     |5         |13        |l1        |
1500      |3         |3.52      |0.570     |7         |15        |cosine    |
1500      |4         |2.79      |0.564     |5         |17        |cosine    |
1500      |5         |4.30      |0.571     |7         |12        |l2        |
-----------------------------------------------------------------------------
===  ===  ===  ===  ===  ===  ===  ===  ===  ===  ===  ===  ===  ===  ===  ===  
src3/2025-05-05-FacebookAI/roberta-base-5e-06-data
-----------------------------------------------------------------------------
500       |0         |1.42      |0.537     |6         |18        |l2        |
500       |1         |1.83      |0.452     |9         |4         |cosine    |
500       |2         |1.16      |0.534     |5         |19        |cosine    |
500       |3         |1.68      |0.532     |7         |15        |l1        |
500       |4         |1.43      |0.627     |6         |14        |l1        |
500       |5         |1.43      |0.588     |6         |16        |l1        |
-----------------------------------------------------------------------------
-----------------------------------------------------------------------------
1000      |0         |2.48      |0.476     |6         |4         |l2        |
1000      |1         |2.73      |0.481     |6         |16        |l2        |
1000      |2         |2.89      |0.531     |7         |5         |l2        |
1000      |3         |2.10      |0.572     |5         |13        |cosine    |
1000      |4         |2.18      |0.581     |5         |15        |l2        |
1000      |5         |2.60      |0.596     |6         |14        |l2        |
-----------------------------------------------------------------------------
-----------------------------------------------------------------------------
1500      |0         |3.49      |0.436     |5         |5         |l2        |
1500      |1         |4.08      |0.470     |6         |19        |l2        |
1500      |2         |3.24      |0.498     |5         |9         |l2        |
1500      |3         |4.35      |0.547     |8         |19        |cosine    |
1500      |4         |4.36      |0.514     |7         |16        |cosine    |
1500      |5         |4.75      |0.565     |8         |16        |l2        |
-----------------------------------------------------------------------------
===  ===  ===  ===  ===  ===  ===  ===  ===  ===  ===  ===  ===  ===  ===  ===  
src3/2025-05-05-FacebookAI/roberta-base-5e-06-data
-----------------------------------------------------------------------------
500       |0         |2.27      |0.547     |10        |11        |l2        |
500       |1         |1.27      |0.461     |5         |14        |l1        |
500       |2         |1.23      |0.554     |6         |18        |l2        |
500       |3         |1.26      |0.531     |5         |18        |l1        |
500       |4         |1.18      |0.556     |5         |8         |cosine    |
500       |5         |1.25      |0.626     |5         |11        |l1        |
-----------------------------------------------------------------------------
-----------------------------------------------------------------------------
1000      |0         |3.17      |0.488     |9         |7         |cosine    |
1000      |1         |3.22      |0.479     |9         |18        |cosine    |
1000      |2         |4.02      |0.544     |10        |18        |l2        |
1000      |3         |2.49      |0.519     |6         |2         |l1        |
1000      |4         |2.11      |0.597     |5         |9         |l1        |
1000      |5         |2.75      |0.537     |6         |18        |l1        |
-----------------------------------------------------------------------------
-----------------------------------------------------------------------------
1500      |0         |3.23      |0.482     |5         |9         |cosine    |
1500      |1         |4.44      |0.531     |9         |18        |cosine    |
1500      |2         |4.39      |0.536     |7         |9         |l1        |
1500      |3         |3.37      |0.540     |6         |12        |cosine    |
1500      |4         |3.47      |0.563     |5         |13        |l1        |
1500      |5         |3.67      |0.547     |6         |17        |cosine    |
-----------------------------------------------------------------------------
===  ===  ===  ===  ===  ===  ===  ===  ===  ===  ===  ===  ===  ===  ===  ===  
src3/2025-05-05-google-bert/bert-base-uncased-1e-05-data
-----------------------------------------------------------------------------
500       |0         |1.43      |0.504     |6         |18        |l1        |
500       |1         |1.39      |0.361     |6         |10        |l1        |
500       |2         |1.13      |0.585     |5         |3         |cosine    |
500       |3         |1.40      |0.577     |6         |13        |l2        |
500       |4         |1.35      |0.634     |6         |19        |cosine    |
500       |5         |1.49      |0.602     |7         |15        |cosine    |
-----------------------------------------------------------------------------
-----------------------------------------------------------------------------
1000      |0         |2.89      |0.501     |6         |3         |l1        |
1000      |1         |2.58      |0.482     |7         |9         |cosine    |
1000      |2         |2.29      |0.608     |5         |16        |l1        |
1000      |3         |2.38      |0.502     |7         |9         |cosine    |
1000      |4         |2.70      |0.601     |6         |10        |l2        |
1000      |5         |2.99      |0.584     |7         |16        |l1        |
-----------------------------------------------------------------------------
-----------------------------------------------------------------------------
1500      |0         |3.83      |0.491     |6         |15        |l2        |
1500      |1         |3.85      |0.540     |6         |13        |l2        |
1500      |2         |3.63      |0.534     |6         |19        |cosine    |
1500      |3         |4.81      |0.601     |8         |17        |l2        |
1500      |4         |3.24      |0.573     |5         |16        |l1        |
1500      |5         |3.29      |0.634     |5         |17        |l1        |
-----------------------------------------------------------------------------
===  ===  ===  ===  ===  ===  ===  ===  ===  ===  ===  ===  ===  ===  ===  ===  
src3/2025-05-05-google-bert/bert-base-uncased-1e-05-data
-----------------------------------------------------------------------------
500       |0         |1.45      |0.533     |6         |19        |l1        |
500       |1         |2.00      |0.455     |9         |6         |l2        |
500       |2         |1.34      |0.543     |6         |9         |cosine    |
500       |3         |1.17      |0.542     |5         |7         |cosine    |
500       |4         |1.28      |0.641     |6         |8         |cosine    |
500       |5         |1.24      |0.556     |5         |17        |l1        |
-----------------------------------------------------------------------------
-----------------------------------------------------------------------------
1000      |0         |3.39      |0.504     |8         |18        |l1        |
1000      |1         |2.22      |0.457     |5         |11        |l1        |
1000      |2         |3.12      |0.539     |7         |13        |l1        |
1000      |3         |2.21      |0.609     |5         |17        |l2        |
1000      |4         |2.77      |0.554     |6         |16        |l2        |
1000      |5         |2.89      |0.642     |7         |12        |l1        |
-----------------------------------------------------------------------------
-----------------------------------------------------------------------------
1500      |0         |3.07      |0.476     |5         |19        |l2        |
1500      |1         |3.47      |0.476     |5         |1         |l2        |
1500      |2         |4.42      |0.645     |7         |9         |l1        |
1500      |3         |3.43      |0.548     |6         |13        |cosine    |
1500      |4         |3.40      |0.524     |6         |19        |cosine    |
1500      |5         |3.68      |0.558     |6         |9         |l2        |
-----------------------------------------------------------------------------
===  ===  ===  ===  ===  ===  ===  ===  ===  ===  ===  ===  ===  ===  ===  ===  
src3/2025-05-05-google-bert/bert-base-uncased-1e-05-data
-----------------------------------------------------------------------------
500       |0         |1.40      |0.415     |6         |16        |cosine    |
500       |1         |1.24      |0.494     |6         |12        |cosine    |
500       |2         |1.40      |0.562     |6         |17        |l2        |
500       |3         |1.27      |0.558     |5         |12        |l1        |
500       |4         |1.28      |0.656     |5         |17        |l2        |
500       |5         |1.64      |0.581     |8         |15        |l2        |
-----------------------------------------------------------------------------
-----------------------------------------------------------------------------
1000      |0         |2.19      |0.469     |6         |5         |cosine    |
1000      |1         |2.53      |0.545     |6         |16        |l2        |
1000      |2         |3.12      |0.549     |7         |15        |l2        |
1000      |3         |2.44      |0.576     |6         |16        |l1        |
1000      |4         |2.01      |0.700     |5         |19        |cosine    |
1000      |5         |2.55      |0.572     |6         |12        |l1        |
-----------------------------------------------------------------------------
-----------------------------------------------------------------------------
1500      |0         |3.46      |0.533     |6         |13        |cosine    |
1500      |1         |3.09      |0.438     |5         |1         |l1        |
1500      |2         |4.01      |0.564     |6         |11        |l2        |
1500      |3         |4.98      |0.595     |8         |16        |l1        |
1500      |4         |3.54      |0.596     |5         |7         |l1        |
1500      |5         |4.19      |0.589     |7         |15        |l1        |
-----------------------------------------------------------------------------
===  ===  ===  ===  ===  ===  ===  ===  ===  ===  ===  ===  ===  ===  ===  ===  
src3/2025-05-05-google-bert/bert-base-uncased-2e-05-data
-----------------------------------------------------------------------------
500       |0         |1.22      |0.531     |5         |12        |l2        |
500       |1         |1.42      |0.403     |6         |7         |l2        |
500       |2         |1.31      |0.573     |6         |17        |cosine    |
500       |3         |1.43      |0.573     |6         |14        |l1        |
500       |4         |1.29      |0.563     |6         |14        |cosine    |
500       |5         |1.25      |0.602     |5         |5         |l1        |
-----------------------------------------------------------------------------
-----------------------------------------------------------------------------
1000      |0         |2.71      |0.537     |7         |9         |cosine    |
1000      |1         |2.37      |0.456     |5         |1         |l1        |
1000      |2         |2.28      |0.560     |5         |19        |l1        |
1000      |3         |2.25      |0.638     |6         |6         |cosine    |
1000      |4         |2.77      |0.542     |6         |10        |l2        |
1000      |5         |2.69      |0.602     |8         |15        |cosine    |
-----------------------------------------------------------------------------
-----------------------------------------------------------------------------
1500      |0         |3.83      |0.537     |6         |19        |l2        |
1500      |1         |2.80      |0.475     |5         |9         |cosine    |
1500      |2         |2.85      |0.607     |5         |19        |cosine    |
1500      |3         |3.68      |0.607     |6         |11        |l1        |
1500      |4         |6.71      |0.558     |11        |12        |l1        |
1500      |5         |2.65      |0.586     |5         |9         |cosine    |
-----------------------------------------------------------------------------
===  ===  ===  ===  ===  ===  ===  ===  ===  ===  ===  ===  ===  ===  ===  ===  
src3/2025-05-05-google-bert/bert-base-uncased-2e-05-data
-----------------------------------------------------------------------------
500       |0         |2.47      |0.440     |11        |19        |l2        |
500       |1         |1.61      |0.515     |7         |16        |l1        |
500       |2         |1.46      |0.490     |6         |10        |l2        |
500       |3         |1.44      |0.620     |7         |16        |cosine    |
500       |4         |1.65      |0.621     |7         |12        |l1        |
500       |5         |2.02      |0.585     |10        |12        |cosine    |
-----------------------------------------------------------------------------
-----------------------------------------------------------------------------
1000      |0         |2.76      |0.508     |6         |5         |l2        |
1000      |1         |2.01      |0.439     |5         |12        |cosine    |
1000      |2         |2.89      |0.560     |7         |10        |l2        |
1000      |3         |2.55      |0.605     |6         |8         |l2        |
1000      |4         |3.30      |0.646     |8         |13        |l1        |
1000      |5         |2.76      |0.586     |6         |17        |l1        |
-----------------------------------------------------------------------------
-----------------------------------------------------------------------------
1500      |0         |3.60      |0.457     |6         |9         |l1        |
1500      |1         |3.55      |0.522     |6         |1         |cosine    |
1500      |2         |3.57      |0.504     |6         |17        |l1        |
1500      |3         |4.95      |0.585     |7         |15        |l1        |
1500      |4         |3.84      |0.609     |6         |4         |l1        |
1500      |5         |3.78      |0.603     |6         |19        |l1        |
-----------------------------------------------------------------------------
===  ===  ===  ===  ===  ===  ===  ===  ===  ===  ===  ===  ===  ===  ===  ===  
src3/2025-05-05-google-bert/bert-base-uncased-2e-05-data
-----------------------------------------------------------------------------
500       |0         |1.33      |0.452     |6         |9         |l2        |
500       |1         |1.24      |0.403     |5         |10        |l1        |
500       |2         |1.85      |0.568     |8         |18        |l1        |
500       |3         |1.29      |0.595     |5         |15        |l2        |
500       |4         |1.27      |0.650     |6         |5         |l1        |
500       |5         |1.84      |0.642     |9         |11        |cosine    |
-----------------------------------------------------------------------------
-----------------------------------------------------------------------------
1000      |0         |3.56      |0.498     |8         |18        |l1        |
1000      |1         |2.92      |0.431     |7         |11        |l2        |
1000      |2         |2.60      |0.507     |6         |5         |l2        |
1000      |3         |2.84      |0.570     |7         |8         |cosine    |
1000      |4         |3.01      |0.610     |7         |17        |l1        |
1000      |5         |2.82      |0.605     |7         |17        |l1        |
-----------------------------------------------------------------------------
-----------------------------------------------------------------------------
1500      |0         |2.84      |0.473     |5         |13        |cosine    |
1500      |1         |2.56      |0.480     |5         |13        |cosine    |
1500      |2         |4.58      |0.607     |8         |18        |l2        |
1500      |3         |2.88      |0.617     |5         |18        |l1        |
1500      |4         |4.49      |0.576     |9         |12        |cosine    |
1500      |5         |4.43      |0.578     |7         |15        |l1        |
-----------------------------------------------------------------------------
===  ===  ===  ===  ===  ===  ===  ===  ===  ===  ===  ===  ===  ===  ===  ===  
src3/2025-05-05-google-bert/bert-base-uncased-5e-05-data
-----------------------------------------------------------------------------
500       |0         |1.35      |0.481     |5         |16        |l2        |
500       |1         |1.60      |0.512     |7         |8         |l1        |
500       |2         |1.88      |0.541     |8         |18        |l2        |
500       |3         |1.20      |0.559     |5         |5         |l1        |
500       |4         |1.31      |0.571     |5         |17        |l1        |
500       |5         |1.31      |0.566     |6         |6         |l2        |
-----------------------------------------------------------------------------
-----------------------------------------------------------------------------
1000      |0         |2.21      |0.504     |5         |10        |l1        |
1000      |1         |2.11      |0.461     |5         |6         |l1        |
1000      |2         |2.45      |0.564     |6         |13        |cosine    |
1000      |3         |2.65      |0.633     |6         |14        |l2        |
1000      |4         |2.68      |0.616     |6         |12        |l1        |
1000      |5         |2.02      |0.587     |5         |19        |l2        |
-----------------------------------------------------------------------------
-----------------------------------------------------------------------------
1500      |0         |2.63      |0.536     |5         |17        |cosine    |
1500      |1         |3.54      |0.451     |6         |5         |l1        |
1500      |2         |4.62      |0.594     |7         |12        |l1        |
1500      |3         |4.02      |0.587     |7         |14        |l1        |
1500      |4         |6.71      |0.650     |12        |19        |cosine    |
1500      |5         |7.63      |0.616     |14        |15        |l2        |
-----------------------------------------------------------------------------
===  ===  ===  ===  ===  ===  ===  ===  ===  ===  ===  ===  ===  ===  ===  ===  
src3/2025-05-05-google-bert/bert-base-uncased-5e-05-data
-----------------------------------------------------------------------------
500       |0         |1.03      |0.496     |5         |1         |cosine    |
500       |1         |1.36      |0.462     |6         |4         |cosine    |
500       |2         |1.42      |0.540     |6         |16        |l1        |
500       |3         |1.29      |0.569     |6         |7         |l1        |
500       |4         |1.19      |0.601     |5         |13        |l2        |
500       |5         |1.86      |0.581     |8         |18        |l1        |
-----------------------------------------------------------------------------
-----------------------------------------------------------------------------
1000      |0         |2.57      |0.539     |6         |9         |l2        |
1000      |1         |2.53      |0.433     |6         |17        |l2        |
1000      |2         |2.41      |0.507     |6         |4         |cosine    |
1000      |3         |2.13      |0.565     |5         |7         |l2        |
1000      |4         |2.24      |0.590     |6         |17        |cosine    |
1000      |5         |2.79      |0.575     |6         |16        |l1        |
-----------------------------------------------------------------------------
-----------------------------------------------------------------------------
1500      |0         |2.63      |0.609     |5         |7         |cosine    |
1500      |1         |4.73      |0.488     |8         |14        |l2        |
1500      |2         |3.64      |0.572     |6         |13        |l1        |
1500      |3         |2.75      |0.619     |5         |10        |cosine    |
1500      |4         |3.03      |0.602     |5         |19        |cosine    |
1500      |5         |3.59      |0.601     |5         |17        |l1        |
-----------------------------------------------------------------------------
===  ===  ===  ===  ===  ===  ===  ===  ===  ===  ===  ===  ===  ===  ===  ===  
src3/2025-05-05-google-bert/bert-base-uncased-5e-05-data
-----------------------------------------------------------------------------
500       |0         |1.18      |0.420     |5         |11        |l2        |
500       |1         |1.46      |0.477     |6         |8         |l1        |
500       |2         |1.63      |0.573     |8         |7         |l1        |
500       |3         |1.24      |0.594     |6         |13        |cosine    |
500       |4         |1.15      |0.536     |5         |9         |l1        |
500       |5         |1.35      |0.575     |6         |18        |cosine    |
-----------------------------------------------------------------------------
-----------------------------------------------------------------------------
1000      |0         |2.74      |0.459     |6         |9         |l2        |
1000      |1         |2.65      |0.602     |6         |7         |l2        |
1000      |2         |2.36      |0.549     |5         |9         |l1        |
1000      |3         |2.61      |0.537     |6         |9         |l2        |
1000      |4         |2.66      |0.592     |6         |15        |l1        |
1000      |5         |2.23      |0.578     |5         |18        |l1        |
-----------------------------------------------------------------------------
-----------------------------------------------------------------------------
1500      |0         |4.43      |0.481     |7         |3         |l2        |
1500      |1         |3.44      |0.435     |5         |10        |l1        |
1500      |2         |3.44      |0.609     |6         |18        |l1        |
1500      |3         |4.14      |0.594     |6         |19        |l1        |
1500      |4         |3.27      |0.602     |5         |17        |l1        |
1500      |5         |4.05      |0.657     |6         |18        |l1        |
-----------------------------------------------------------------------------
===  ===  ===  ===  ===  ===  ===  ===  ===  ===  ===  ===  ===  ===  ===  ===  
src3/2025-05-05-google-bert/bert-base-uncased-5e-06-data
-----------------------------------------------------------------------------
500       |0         |1.76      |0.485     |8         |5         |l1        |
500       |1         |1.59      |0.483     |7         |11        |l2        |
500       |2         |1.17      |0.474     |5         |16        |cosine    |
500       |3         |1.27      |0.508     |6         |19        |cosine    |
500       |4         |1.17      |0.484     |5         |13        |cosine    |
500       |5         |1.45      |0.507     |7         |5         |cosine    |
-----------------------------------------------------------------------------
-----------------------------------------------------------------------------
1000      |0         |2.14      |0.508     |5         |19        |l1        |
1000      |1         |3.14      |0.488     |7         |3         |l2        |
1000      |2         |1.77      |0.444     |5         |18        |cosine    |
1000      |3         |2.84      |0.515     |7         |13        |l1        |
1000      |4         |2.35      |0.465     |5         |3         |l1        |
1000      |5         |3.22      |0.547     |7         |3         |l1        |
-----------------------------------------------------------------------------
-----------------------------------------------------------------------------
1500      |0         |3.86      |0.506     |6         |16        |l2        |
1500      |1         |3.39      |0.499     |7         |19        |cosine    |
1500      |2         |4.62      |0.522     |7         |15        |l1        |
1500      |3         |2.81      |0.510     |5         |16        |cosine    |
1500      |4         |2.77      |0.523     |5         |19        |cosine    |
1500      |5         |2.81      |0.537     |6         |4         |cosine    |
-----------------------------------------------------------------------------
===  ===  ===  ===  ===  ===  ===  ===  ===  ===  ===  ===  ===  ===  ===  ===  
src3/2025-05-05-google-bert/bert-base-uncased-5e-06-data
-----------------------------------------------------------------------------
500       |0         |1.33      |0.393     |6         |1         |l1        |
500       |1         |1.18      |0.552     |5         |19        |l2        |
500       |2         |1.17      |0.457     |5         |19        |cosine    |
500       |3         |1.33      |0.470     |6         |1         |cosine    |
500       |4         |2.02      |0.523     |9         |19        |l2        |
500       |5         |1.23      |0.452     |5         |8         |l1        |
-----------------------------------------------------------------------------
-----------------------------------------------------------------------------
1000      |0         |2.05      |0.424     |5         |7         |cosine    |
1000      |1         |2.82      |0.484     |7         |3         |l1        |
1000      |2         |2.89      |0.473     |8         |14        |cosine    |
1000      |3         |2.75      |0.510     |6         |3         |l1        |
1000      |4         |1.70      |0.468     |5         |11        |cosine    |
1000      |5         |2.82      |0.520     |7         |3         |cosine    |
-----------------------------------------------------------------------------
-----------------------------------------------------------------------------
1500      |0         |3.01      |0.449     |5         |9         |l1        |
1500      |1         |3.08      |0.519     |6         |11        |cosine    |
1500      |2         |3.72      |0.501     |7         |19        |cosine    |
1500      |3         |3.01      |0.533     |5         |19        |cosine    |
1500      |4         |4.34      |0.521     |7         |10        |l1        |
1500      |5         |4.06      |0.539     |6         |1         |l2        |
-----------------------------------------------------------------------------
===  ===  ===  ===  ===  ===  ===  ===  ===  ===  ===  ===  ===  ===  ===  ===  
src3/2025-05-05-google-bert/bert-base-uncased-5e-06-data
-----------------------------------------------------------------------------
500       |0         |1.07      |0.443     |5         |13        |cosine    |
500       |1         |1.23      |0.459     |5         |18        |l2        |
500       |2         |1.93      |0.533     |9         |6         |l1        |
500       |3         |1.16      |0.492     |5         |10        |l1        |
500       |4         |1.54      |0.564     |6         |19        |l2        |
500       |5         |1.06      |0.524     |5         |19        |cosine    |
-----------------------------------------------------------------------------
-----------------------------------------------------------------------------
1000      |0         |2.24      |0.516     |5         |16        |l1        |
1000      |1         |2.26      |0.452     |5         |7         |l1        |
1000      |2         |3.42      |0.469     |8         |9         |l2        |
1000      |3         |2.75      |0.477     |6         |12        |cosine    |
1000      |4         |1.94      |0.471     |5         |10        |l1        |
1000      |5         |2.08      |0.575     |6         |14        |cosine    |
-----------------------------------------------------------------------------
-----------------------------------------------------------------------------
1500      |0         |2.82      |0.447     |5         |18        |cosine    |
1500      |1         |3.87      |0.547     |6         |17        |l1        |
1500      |2         |5.37      |0.478     |9         |18        |l1        |
1500      |3         |4.03      |0.511     |6         |7         |l1        |
1500      |4         |4.69      |0.505     |7         |3         |l1        |
1500      |5         |3.65      |0.452     |6         |5         |l2        |
-----------------------------------------------------------------------------
