===  ===  ===  ===  ===  ===  ===  ===  ===  ===  ===  ===  ===  ===  ===  ===  ===  ===  
src3/2025-05-05-answerdotai/ModernBERT-base-1e-05-data
----------------------------------------------------------------------------------------
500       |0         |81.63     |0.494     |7         |60        |entropy   |60        |
500       |1         |89.54     |0.541     |5         |610       |gini      |90        |
500       |2         |124.15    |0.532     |9         |360       |entropy   |60        |
500       |3         |75.36     |0.514     |5         |360       |gini      |90        |
500       |4         |123.96    |0.499     |11        |60        |entropy   |90        |
500       |5         |79.77     |0.532     |6         |210       |entropy   |60        |
----------------------------------------------------------------------------------------
----------------------------------------------------------------------------------------
1000      |0         |231.37    |0.468     |12        |110       |entropy   |30        |
1000      |1         |165.17    |0.455     |5         |560       |entropy   |60        |
1000      |2         |317.44    |0.543     |13        |210       |log_loss  |60        |
1000      |3         |212.85    |0.536     |9         |60        |entropy   |30        |
1000      |4         |232.01    |0.539     |7         |910       |gini      |60        |
1000      |5         |132.27    |0.571     |5         |260       |log_loss  |30        |
----------------------------------------------------------------------------------------
----------------------------------------------------------------------------------------
1500      |0         |308.28    |0.443     |6         |610       |log_loss  |30        |
1500      |1         |517.06    |0.474     |9         |610       |log_loss  |60        |
1500      |2         |420.52    |0.530     |9         |410       |gini      |60        |
1500      |3         |349.71    |0.527     |10        |460       |entropy   |60        |
1500      |4         |324.26    |0.506     |10        |310       |log_loss  |30        |
1500      |5         |421.77    |0.502     |11        |160       |entropy   |30        |
----------------------------------------------------------------------------------------
===  ===  ===  ===  ===  ===  ===  ===  ===  ===  ===  ===  ===  ===  ===  ===  ===  ===  
src3/2025-05-05-answerdotai/ModernBERT-base-1e-05-data
----------------------------------------------------------------------------------------
500       |0         |181.11    |0.488     |11        |160       |gini      |90        |
500       |1         |131.19    |0.503     |7         |510       |gini      |60        |
500       |2         |210.01    |0.540     |13        |360       |gini      |90        |
500       |3         |73.48     |0.542     |5         |160       |log_loss  |30        |
500       |4         |89.38     |0.502     |7         |260       |log_loss  |90        |
500       |5         |79.70     |0.546     |6         |460       |log_loss  |60        |
----------------------------------------------------------------------------------------
----------------------------------------------------------------------------------------
1000      |0         |242.22    |0.475     |7         |210       |gini      |30        |
1000      |1         |231.69    |0.453     |7         |460       |entropy   |90        |
1000      |2         |164.10    |0.495     |5         |410       |gini      |90        |
1000      |3         |241.93    |0.561     |10        |110       |entropy   |30        |
1000      |4         |213.91    |0.546     |5         |660       |log_loss  |90        |
1000      |5         |138.37    |0.581     |7         |160       |log_loss  |30        |
----------------------------------------------------------------------------------------
----------------------------------------------------------------------------------------
1500      |0         |312.27    |0.523     |9         |210       |gini      |60        |
1500      |1         |395.01    |0.497     |7         |260       |log_loss  |30        |
1500      |2         |324.72    |0.496     |5         |560       |gini      |60        |
1500      |3         |303.96    |0.498     |6         |460       |entropy   |60        |
1500      |4         |277.60    |0.558     |6         |610       |gini      |30        |
1500      |5         |306.58    |0.533     |9         |10        |entropy   |30        |
----------------------------------------------------------------------------------------
===  ===  ===  ===  ===  ===  ===  ===  ===  ===  ===  ===  ===  ===  ===  ===  ===  ===  
src3/2025-05-05-answerdotai/ModernBERT-base-1e-05-data
----------------------------------------------------------------------------------------
500       |0         |174.99    |0.520     |13        |60        |gini      |90        |
500       |1         |220.40    |0.441     |12        |810       |log_loss  |90        |
500       |2         |112.90    |0.569     |7         |60        |entropy   |90        |
500       |3         |135.67    |0.558     |10        |160       |gini      |30        |
500       |4         |102.37    |0.533     |8         |360       |log_loss  |90        |
500       |5         |155.33    |0.539     |12        |60        |log_loss  |30        |
----------------------------------------------------------------------------------------
----------------------------------------------------------------------------------------
1000      |0         |440.88    |0.480     |11        |360       |log_loss  |30        |
1000      |1         |237.11    |0.473     |9         |60        |entropy   |30        |
1000      |2         |206.86    |0.499     |5         |960       |log_loss  |90        |
1000      |3         |346.79    |0.543     |11        |110       |entropy   |60        |
1000      |4         |231.07    |0.529     |7         |660       |gini      |60        |
1000      |5         |188.28    |0.502     |7         |360       |gini      |30        |
----------------------------------------------------------------------------------------
----------------------------------------------------------------------------------------
1500      |0         |451.14    |0.454     |6         |960       |entropy   |30        |
1500      |1         |357.59    |0.490     |7         |660       |entropy   |30        |
1500      |2         |373.79    |0.500     |12        |60        |entropy   |30        |
1500      |3         |261.45    |0.592     |6         |310       |gini      |30        |
1500      |4         |234.34    |0.536     |6         |410       |gini      |90        |
1500      |5         |389.83    |0.466     |10        |460       |log_loss  |30        |
----------------------------------------------------------------------------------------
===  ===  ===  ===  ===  ===  ===  ===  ===  ===  ===  ===  ===  ===  ===  ===  ===  ===  
src3/2025-05-05-answerdotai/ModernBERT-base-2e-05-data
----------------------------------------------------------------------------------------
500       |0         |141.69    |0.449     |6         |860       |log_loss  |30        |
500       |1         |162.88    |0.464     |7         |910       |entropy   |30        |
500       |2         |139.77    |0.514     |14        |60        |entropy   |90        |
500       |3         |119.09    |0.501     |7         |610       |log_loss  |60        |
500       |4         |170.19    |0.487     |9         |910       |log_loss  |30        |
500       |5         |134.65    |0.524     |8         |610       |entropy   |60        |
----------------------------------------------------------------------------------------
----------------------------------------------------------------------------------------
1000      |0         |351.54    |0.456     |11        |660       |gini      |90        |
1000      |1         |210.60    |0.507     |5         |710       |log_loss  |30        |
1000      |2         |173.96    |0.530     |5         |760       |gini      |90        |
1000      |3         |180.71    |0.551     |5         |760       |gini      |90        |
1000      |4         |417.34    |0.529     |18        |60        |entropy   |60        |
1000      |5         |181.74    |0.482     |9         |360       |gini      |90        |
----------------------------------------------------------------------------------------
----------------------------------------------------------------------------------------
1500      |0         |642.31    |0.459     |14        |260       |log_loss  |90        |
1500      |1         |430.56    |0.495     |7         |710       |log_loss  |90        |
1500      |2         |257.99    |0.516     |6         |410       |log_loss  |60        |
1500      |3         |466.14    |0.525     |11        |10        |gini      |60        |
1500      |4         |252.14    |0.538     |8         |110       |entropy   |30        |
1500      |5         |325.63    |0.517     |10        |160       |gini      |90        |
----------------------------------------------------------------------------------------
===  ===  ===  ===  ===  ===  ===  ===  ===  ===  ===  ===  ===  ===  ===  ===  ===  ===  
src3/2025-05-05-answerdotai/ModernBERT-base-2e-05-data
----------------------------------------------------------------------------------------
500       |0         |78.72     |0.485     |7         |110       |gini      |60        |
500       |1         |163.27    |0.466     |6         |910       |log_loss  |60        |
500       |2         |95.96     |0.512     |8         |210       |entropy   |90        |
500       |3         |123.04    |0.528     |11        |60        |entropy   |90        |
500       |4         |75.75     |0.575     |5         |60        |entropy   |90        |
500       |5         |167.48    |0.503     |16        |10        |entropy   |90        |
----------------------------------------------------------------------------------------
----------------------------------------------------------------------------------------
1000      |0         |177.22    |0.448     |8         |310       |gini      |30        |
1000      |1         |213.98    |0.518     |10        |360       |entropy   |30        |
1000      |2         |198.55    |0.561     |8         |110       |entropy   |30        |
1000      |3         |264.16    |0.495     |8         |610       |log_loss  |90        |
1000      |4         |137.46    |0.501     |5         |260       |gini      |60        |
1000      |5         |220.23    |0.518     |9         |60        |entropy   |30        |
----------------------------------------------------------------------------------------
----------------------------------------------------------------------------------------
1500      |0         |483.11    |0.505     |8         |710       |log_loss  |60        |
1500      |1         |317.98    |0.448     |8         |360       |gini      |90        |
1500      |2         |255.04    |0.539     |6         |10        |gini      |30        |
1500      |3         |249.99    |0.541     |6         |160       |gini      |60        |
1500      |4         |288.95    |0.498     |6         |560       |log_loss  |30        |
1500      |5         |211.07    |0.547     |5         |360       |entropy   |90        |
----------------------------------------------------------------------------------------
===  ===  ===  ===  ===  ===  ===  ===  ===  ===  ===  ===  ===  ===  ===  ===  ===  ===  
src3/2025-05-05-answerdotai/ModernBERT-base-2e-05-data
----------------------------------------------------------------------------------------
500       |0         |183.17    |0.502     |10        |660       |gini      |90        |
500       |1         |84.73     |0.479     |5         |460       |log_loss  |30        |
500       |2         |78.90     |0.517     |9         |10        |gini      |60        |
500       |3         |64.40     |0.520     |5         |60        |gini      |90        |
500       |4         |90.99     |0.556     |6         |110       |gini      |90        |
500       |5         |81.65     |0.529     |5         |710       |gini      |90        |
----------------------------------------------------------------------------------------
----------------------------------------------------------------------------------------
1000      |0         |273.14    |0.455     |8         |360       |entropy   |90        |
1000      |1         |396.92    |0.498     |12        |510       |log_loss  |30        |
1000      |2         |485.30    |0.570     |16        |960       |gini      |90        |
1000      |3         |142.33    |0.520     |6         |60        |gini      |30        |
1000      |4         |156.69    |0.490     |5         |360       |entropy   |60        |
1000      |5         |350.75    |0.523     |11        |810       |gini      |30        |
----------------------------------------------------------------------------------------
----------------------------------------------------------------------------------------
1500      |0         |541.90    |0.472     |9         |660       |log_loss  |30        |
1500      |1         |310.12    |0.469     |9         |60        |log_loss  |90        |
1500      |2         |508.14    |0.542     |16        |110       |log_loss  |90        |
1500      |3         |230.14    |0.570     |6         |160       |log_loss  |90        |
1500      |4         |981.07    |0.581     |21        |160       |log_loss  |30        |
1500      |5         |358.69    |0.541     |7         |610       |log_loss  |30        |
----------------------------------------------------------------------------------------
===  ===  ===  ===  ===  ===  ===  ===  ===  ===  ===  ===  ===  ===  ===  ===  ===  ===  
src3/2025-05-05-answerdotai/ModernBERT-base-5e-05-data
----------------------------------------------------------------------------------------
500       |0         |108.60    |0.499     |5         |610       |entropy   |60        |
500       |1         |155.35    |0.473     |8         |760       |gini      |60        |
500       |2         |139.50    |0.499     |7         |460       |log_loss  |90        |
500       |3         |59.18     |0.463     |5         |10        |gini      |90        |
500       |4         |188.50    |0.532     |12        |510       |entropy   |60        |
500       |5         |120.19    |0.491     |9         |160       |log_loss  |60        |
----------------------------------------------------------------------------------------
----------------------------------------------------------------------------------------
1000      |0         |385.01    |0.476     |9         |910       |log_loss  |30        |
1000      |1         |192.09    |0.465     |6         |210       |entropy   |90        |
1000      |2         |253.08    |0.518     |8         |210       |log_loss  |60        |
1000      |3         |278.96    |0.527     |7         |660       |gini      |60        |
1000      |4         |212.47    |0.531     |11        |60        |gini      |90        |
1000      |5         |123.84    |0.574     |5         |110       |log_loss  |30        |
----------------------------------------------------------------------------------------
----------------------------------------------------------------------------------------
1500      |0         |300.69    |0.498     |7         |260       |entropy   |90        |
1500      |1         |337.79    |0.451     |8         |110       |entropy   |90        |
1500      |2         |759.32    |0.570     |14        |560       |entropy   |90        |
1500      |3         |494.61    |0.584     |10        |310       |gini      |90        |
1500      |4         |280.18    |0.548     |5         |510       |entropy   |90        |
1500      |5         |519.50    |0.559     |9         |710       |entropy   |30        |
----------------------------------------------------------------------------------------
===  ===  ===  ===  ===  ===  ===  ===  ===  ===  ===  ===  ===  ===  ===  ===  ===  ===  
src3/2025-05-05-answerdotai/ModernBERT-base-5e-05-data
----------------------------------------------------------------------------------------
500       |0         |161.48    |0.481     |8         |410       |log_loss  |60        |
500       |1         |238.87    |0.539     |16        |60        |entropy   |60        |
500       |2         |209.27    |0.475     |17        |210       |log_loss  |60        |
500       |3         |74.93     |0.575     |5         |160       |gini      |60        |
500       |4         |80.05     |0.532     |6         |310       |entropy   |90        |
500       |5         |114.54    |0.510     |7         |110       |log_loss  |90        |
----------------------------------------------------------------------------------------
----------------------------------------------------------------------------------------
1000      |0         |186.70    |0.504     |6         |260       |log_loss  |90        |
1000      |1         |264.45    |0.493     |7         |210       |entropy   |90        |
1000      |2         |279.39    |0.494     |9         |410       |log_loss  |60        |
1000      |3         |161.07    |0.538     |5         |10        |entropy   |30        |
1000      |4         |274.07    |0.529     |9         |660       |gini      |30        |
1000      |5         |201.53    |0.594     |7         |310       |gini      |60        |
----------------------------------------------------------------------------------------
----------------------------------------------------------------------------------------
1500      |0         |426.96    |0.480     |9         |310       |log_loss  |90        |
1500      |1         |255.59    |0.521     |7         |360       |gini      |60        |
1500      |2         |221.18    |0.541     |5         |410       |log_loss  |90        |
1500      |3         |173.73    |0.542     |5         |210       |log_loss  |90        |
1500      |4         |298.22    |0.581     |6         |160       |entropy   |30        |
1500      |5         |552.61    |0.548     |14        |310       |log_loss  |90        |
----------------------------------------------------------------------------------------
===  ===  ===  ===  ===  ===  ===  ===  ===  ===  ===  ===  ===  ===  ===  ===  ===  ===  
src3/2025-05-05-answerdotai/ModernBERT-base-5e-05-data
----------------------------------------------------------------------------------------
500       |0         |138.61    |0.484     |10        |260       |entropy   |60        |
500       |1         |80.80     |0.493     |7         |110       |gini      |30        |
500       |2         |110.89    |0.451     |5         |960       |gini      |90        |
500       |3         |105.83    |0.519     |8         |260       |log_loss  |60        |
500       |4         |171.51    |0.559     |9         |60        |log_loss  |60        |
500       |5         |162.52    |0.545     |13        |210       |entropy   |90        |
----------------------------------------------------------------------------------------
----------------------------------------------------------------------------------------
1000      |0         |161.92    |0.509     |6         |160       |entropy   |60        |
1000      |1         |325.58    |0.428     |7         |910       |log_loss  |60        |
1000      |2         |158.43    |0.471     |5         |560       |gini      |60        |
1000      |3         |318.88    |0.532     |10        |360       |gini      |30        |
1000      |4         |164.10    |0.554     |5         |560       |log_loss  |90        |
1000      |5         |215.27    |0.555     |5         |610       |log_loss  |60        |
----------------------------------------------------------------------------------------
----------------------------------------------------------------------------------------
1500      |0         |352.78    |0.494     |5         |610       |entropy   |60        |
1500      |1         |420.08    |0.452     |8         |460       |log_loss  |30        |
1500      |2         |457.04    |0.514     |10        |260       |entropy   |90        |
1500      |3         |216.78    |0.568     |6         |260       |entropy   |30        |
1500      |4         |207.57    |0.514     |5         |310       |log_loss  |30        |
1500      |5         |388.78    |0.568     |7         |610       |entropy   |90        |
----------------------------------------------------------------------------------------
===  ===  ===  ===  ===  ===  ===  ===  ===  ===  ===  ===  ===  ===  ===  ===  ===  ===  
src3/2025-05-05-answerdotai/ModernBERT-base-5e-06-data
----------------------------------------------------------------------------------------
500       |0         |136.56    |0.410     |11        |160       |entropy   |60        |
500       |1         |171.59    |0.550     |14        |160       |log_loss  |60        |
500       |2         |55.90     |0.496     |6         |60        |log_loss  |60        |
500       |3         |99.56     |0.538     |6         |510       |log_loss  |30        |
500       |4         |85.93     |0.563     |7         |60        |gini      |30        |
500       |5         |63.17     |0.554     |5         |310       |log_loss  |60        |
----------------------------------------------------------------------------------------
----------------------------------------------------------------------------------------
1000      |0         |717.51    |0.501     |22        |460       |log_loss  |90        |
1000      |1         |215.13    |0.510     |6         |260       |log_loss  |60        |
1000      |2         |288.31    |0.533     |9         |560       |log_loss  |30        |
1000      |3         |179.85    |0.534     |7         |60        |gini      |60        |
1000      |4         |158.26    |0.535     |8         |60        |entropy   |30        |
1000      |5         |162.19    |0.541     |7         |60        |gini      |60        |
----------------------------------------------------------------------------------------
----------------------------------------------------------------------------------------
1500      |0         |405.09    |0.443     |10        |110       |gini      |90        |
1500      |1         |505.70    |0.504     |8         |760       |entropy   |90        |
1500      |2         |728.11    |0.577     |17        |460       |gini      |60        |
1500      |3         |338.56    |0.501     |9         |60        |log_loss  |90        |
1500      |4         |342.82    |0.580     |10        |160       |log_loss  |30        |
1500      |5         |259.36    |0.597     |7         |210       |entropy   |60        |
----------------------------------------------------------------------------------------
===  ===  ===  ===  ===  ===  ===  ===  ===  ===  ===  ===  ===  ===  ===  ===  ===  ===  
src3/2025-05-05-answerdotai/ModernBERT-base-5e-06-data
----------------------------------------------------------------------------------------
500       |0         |138.81    |0.441     |7         |310       |entropy   |90        |
500       |1         |190.63    |0.507     |14        |260       |log_loss  |60        |
500       |2         |92.89     |0.509     |5         |760       |log_loss  |60        |
500       |3         |106.85    |0.513     |6         |510       |gini      |60        |
500       |4         |183.68    |0.571     |14        |410       |entropy   |60        |
500       |5         |82.80     |0.532     |6         |60        |entropy   |30        |
----------------------------------------------------------------------------------------
----------------------------------------------------------------------------------------
1000      |0         |195.85    |0.520     |9         |110       |log_loss  |30        |
1000      |1         |284.07    |0.487     |10        |60        |entropy   |60        |
1000      |2         |136.84    |0.524     |5         |310       |entropy   |30        |
1000      |3         |223.95    |0.560     |7         |360       |log_loss  |90        |
1000      |4         |127.71    |0.547     |6         |160       |gini      |30        |
1000      |5         |258.79    |0.528     |9         |560       |entropy   |90        |
----------------------------------------------------------------------------------------
----------------------------------------------------------------------------------------
1500      |0         |245.94    |0.434     |5         |310       |gini      |60        |
1500      |1         |227.10    |0.536     |5         |60        |gini      |30        |
1500      |2         |396.01    |0.562     |8         |610       |gini      |60        |
1500      |3         |316.67    |0.495     |5         |660       |entropy   |60        |
1500      |4         |199.37    |0.556     |5         |10        |entropy   |60        |
1500      |5         |281.73    |0.553     |8         |110       |log_loss  |60        |
----------------------------------------------------------------------------------------
===  ===  ===  ===  ===  ===  ===  ===  ===  ===  ===  ===  ===  ===  ===  ===  ===  ===  
src3/2025-05-05-answerdotai/ModernBERT-base-5e-06-data
----------------------------------------------------------------------------------------
500       |0         |111.96    |0.389     |5         |660       |log_loss  |90        |
500       |1         |142.26    |0.465     |7         |460       |entropy   |60        |
500       |2         |97.95     |0.545     |7         |510       |entropy   |30        |
500       |3         |64.55     |0.483     |5         |260       |entropy   |90        |
500       |4         |73.16     |0.538     |5         |360       |log_loss  |90        |
500       |5         |60.80     |0.533     |5         |160       |entropy   |30        |
----------------------------------------------------------------------------------------
----------------------------------------------------------------------------------------
1000      |0         |273.30    |0.451     |7         |710       |entropy   |90        |
1000      |1         |138.95    |0.462     |5         |310       |gini      |30        |
1000      |2         |170.68    |0.500     |5         |410       |gini      |60        |
1000      |3         |225.67    |0.563     |7         |710       |gini      |60        |
1000      |4         |149.46    |0.505     |7         |110       |log_loss  |60        |
1000      |5         |341.82    |0.523     |14        |360       |gini      |90        |
----------------------------------------------------------------------------------------
----------------------------------------------------------------------------------------
1500      |0         |546.09    |0.418     |8         |210       |gini      |30        |
1500      |1         |313.66    |0.503     |6         |510       |log_loss  |60        |
1500      |2         |219.52    |0.545     |6         |110       |log_loss  |30        |
1500      |3         |276.94    |0.537     |7         |110       |entropy   |60        |
1500      |4         |310.72    |0.547     |10        |60        |gini      |60        |
1500      |5         |479.89    |0.529     |7         |960       |gini      |90        |
----------------------------------------------------------------------------------------
===  ===  ===  ===  ===  ===  ===  ===  ===  ===  ===  ===  ===  ===  ===  ===  ===  ===  
src3/2025-05-05-FacebookAI/roberta-base-1e-05-data
----------------------------------------------------------------------------------------
